2 0.39140625 0.2359375 0.08671875 0.08359375
2 0.8109375 0.38828125 0.096875 0.09375
2 0.91484375 0.2875 0.090625 0.08046875
2 0.65859375 0.50859375 0.0734375 0.08046875
2 0.79296875 0.5421875 0.08046875 0.06015625
2 0.7421875 0.68359375 0.08046875 0.090625
2 0.0453125 0.39296875 0.0703125 0.0703125
2 0.27265625 0.29921875 0.0765625 0.0703125
2 0.17421875 0.72890625 0.1 0.0671875
2 0.0421875 0.8828125 0.06328125 0.08046875
2 0.34453125 0.640625 0.08046875 0.0703125
2 0.53046875 0.521875 0.090625 0.0734375
2 0.79609375 0.215625 0.08671875 0.0703125