2 0.234375 0.29296875 0.09375 0.096875
2 0.259375 0.425 0.0765625 0.08046875
2 0.553125 0.26953125 0.0703125 0.08359375
2 0.665625 0.0984375 0.08046875 0.0703125
2 0.89609375 0.759375 0.08671875 0.09375
2 0.053125 0.953125 0.06015625 0.0734375
2 0.30234375 0.8375 0.0765625 0.06328125
2 0.028125 0.78046875 0.05625 0.0828125
2 0.55703125 0.67734375 0.0765625 0.0765625
2 0.0421875 0.43515625 0.0765625 0.0734375
2 0.79765625 0.0453125 0.05703125 0.08359375
2 0.81796875 0.51328125 0.0765625 0.08359375
2 0.740625 0.53671875 0.0765625 0.090625
2 0.66875 0.7609375 0.08046875 0.0703125
2 0.7328125 0.85078125 0.0671875 0.06328125
2 0.1625 0.1390625 0.1171875 0.11015625
2 0.30078125 0.10703125 0.0671875 0.06015625
2 0.0484375 0.6453125 0.090625 0.08671875