2 0.29609375 0.17421875 0.06328125 0.06015625
2 0.84609375 0.51171875 0.0671875 0.08046875
2 0.86484375 0.0984375 0.0703125 0.06328125
2 0.55703125 0.0703125 0.0765625 0.06015625
2 0.2140625 0.3328125 0.08046875 0.0765625
2 0.7140625 0.74609375 0.0765625 0.06015625
2 0.59375 0.65859375 0.0703125 0.0734375
2 0.2328125 0.7671875 0.06328125 0.0765625
2 0.5984375 0.87421875 0.0671875 0.06328125
2 0.72421875 0.9265625 0.0703125 0.0734375
2 0.2328125 0.884375 0.0765625 0.06328125
2 0.090625 0.93828125 0.08046875 0.0703125
2 0.03515625 0.85625 0.0703125 0.0671875
2 0.6671875 0.4046875 0.096875 0.0734375
2 0.51640625 0.425 0.096875 0.146875