2 0.4984375 0.3046875 0.15390625 0.16015625
2 0.43671875 0.13359375 0.1375 0.10703125
2 0.68203125 0.0703125 0.25390625 0.1140625
2 0.62890625 0.2859375 0.09375 0.0703125
2 0.715625 0.24765625 0.09375 0.12734375
2 0.87265625 0.2421875 0.09375 0.14375
2 0.75234375 0.4515625 0.08671875 0.25390625
2 0.9515625 0.4546875 0.096875 0.29453125
2 0.8546875 0.68203125 0.24453125 0.13359375
2 0.64921875 0.8109375 0.09375 0.0703125
2 0.20546875 0.73046875 0.08359375 0.096875
2 0.27265625 0.96484375 0.15078125 0.0703125