3 0.3578125 0.34765625 0.140625 0.12734375
3 0.37421875 0.6921875 0.146875 0.16015625
3 0.63203125 0.240625 0.12734375 0.1140625
3 0.77734375 0.22578125 0.1171875 0.1375
3 0.93125 0.20546875 0.1171875 0.11015625
3 0.94765625 0.08125 0.1046875 0.109375
3 0.53984375 0.121875 0.14375 0.13046875
3 0.77109375 0.70703125 0.1234375 0.11015625
3 0.1921875 0.74609375 0.13046875 0.10703125
3 0.05 0.76953125 0.09375 0.17421875
3 0.88828125 0.4578125 0.10390625 0.09375
3 0.27109375 0.86796875 0.08046875 0.06328125
3 0.81640625 0.884375 0.08046875 0.0765625
3 0.1890625 0.36953125 0.13046875 0.1171875
3 0.496875 0.475 0.1234375 0.1140625
3 0.665625 0.403125 0.12734375 0.096875
3 0.82109375 0.3609375 0.1171875 0.140625
3 0.05859375 0.91640625 0.1171875 0.12734375