0 0.38828125 0.2859375 0.1140625 0.1171875
0 0.903125 0.4953125 0.1671875 0.15390625
0 0.17734375 0.7125 0.15390625 0.140625
0 0.73046875 0.39296875 0.15078125 0.11015625
0 0.61171875 0.790625 0.146875 0.15703125
0 0.7390625 0.8796875 0.08671875 0.08671875
0 0.56484375 0.146875 0.1140625 0.1203125
0 0.55 0.58203125 0.090625 0.08046875
0 0.08515625 0.928125 0.1703125 0.11015625
0 0.075 0.07890625 0.1171875 0.10390625
0 0.07890625 0.30078125 0.11015625 0.09375
0 0.18046875 0.24453125 0.08046875 0.0671875
0 0.17890625 0.51328125 0.090625 0.0765625
0 0.096875 0.58671875 0.09375 0.090625
0 0.359375 0.475 0.18359375 0.12734375
0 0.66875 0.2609375 0.1671875 0.12734375