3 0.28125 0.4234375 0.16015625 0.1234375
3 0.571875 0.22890625 0.1203125 0.10390625
3 0.65859375 0.4 0.13359375 0.11015625
3 0.77890625 0.76953125 0.17421875 0.12734375
3 0.57890625 0.90625 0.15390625 0.12734375
3 0.80234375 0.9234375 0.13359375 0.1
3 0.94453125 0.734375 0.10390625 0.11015625
3 0.94140625 0.37109375 0.11015625 0.1
3 0.43515625 0.2140625 0.1 0.13359375
3 0.165625 0.34453125 0.15703125 0.1140625
3 0.05859375 0.1375 0.1171875 0.1203125
3 0.1859375 0.82265625 0.096875 0.09375
3 0.18046875 0.93125 0.1 0.08359375
3 0.08515625 0.89296875 0.0765625 0.08046875
3 0.4234375 0.7671875 0.096875 0.0765625
3 0.1140625 0.446875 0.12734375 0.10390625