3 0.4484375 0.478125 0.146875 0.12734375
3 0.22421875 0.14921875 0.20703125 0.17734375
3 0.10703125 0.2640625 0.146875 0.140625
3 0.12734375 0.55703125 0.22109375 0.2171875
3 0.32421875 0.77265625 0.20078125 0.15390625
3 0.6203125 0.72421875 0.1375 0.1375
3 0.7859375 0.86484375 0.1140625 0.11015625
3 0.75390625 0.94453125 0.1234375 0.096875
3 0.784375 0.353125 0.1640625 0.15078125
3 0.93515625 0.4015625 0.11015625 0.18046875
3 0.590625 0.0734375 0.13046875 0.12734375
3 0.72421875 0.20703125 0.096875 0.09375